000000000000000000000000000000000
000000000000000000000000000000000
000000000000000000000000000000000
000000000000000000000000000000000
000000000000000000000000000000000 
000000000000000000000000000000000 
000000000000000000000000000000000 
000000000000000000000000000000000 
000000000000000000000000000000000 
000000000000000000000000000000000
000000000000000000000000000000000
000000000000000000000000000000000
000000000000000000000000000000000
000000000000000000000000000000000
000000000000000000000000000000001
000000000000000000000000000000000 
000000000000000000000000000000000 
000000000000000000000000000000000
000000000000000000000000000000011
000000000000000000000000000000100
000000000000000000000000000100001
000000000000000000000000000001100
000000000000000000000000000000000
000000000000000000000000001000010 
000000000000000000000000000000110 
000000000000000000000000000100010 
000000000000000000000000000000000 
000000000000000000000000000000000
000000000000000000000000000000000
000000000000000000000000000000000
000000000000000000000000000000000
000000000000000000000000000000000
